25096
251824
35313
546011
524186
205866
511403
313916
47471
258628
233560
576017
404517
410056
178690
248980
511724
429718
163076
244111
126766
313182
191981
139992
325237
248129
214519
175438
493321
174103
563762
536795
289960
473720
515540
292118
360851
267175
532876
171613
581415
259819
441841
381682
58157
4980
473929
70626
93773
283412
36765
495020
278401
329307
192810
491784
506416
225495
553747
86442
242208
132686
385877
290248
525705
5476
486521
332512
138556
348083
284375
40018
296994
38685
432429
183407
434358
472164
530494
570693
193401
392612
98872
445766
532209
98322
285114
267725
51605
314812
91105
535506
540264
375341
449828
277659
68933
76873
217554
213592
190776
516224
474479
343599
578813
128669
546292
475365
377626
128833
427091
547227
11742
80213
462241
374574
121572
29151
13892
262394
303667
198724
7320
448492
419080
460379
483965
556516
139181
1103
308715
207507
213827
216083
445597
240275
379585
116389
138124
559051
326898
419386
503660
519460
23893
24458
518109
462982
151492
514254
2477
147165
570394
548766
250083
364341
351967
386277
328084
511299
499349
315501
234965
428562
219771
288150
136021
168619
298316
75118
189752
243857
296222
554002
533628
384596
202981
498350
391463
183991
528062
451084
7899
408534
329030
318566
22492
361285
226973
213356
417265
105622
161169
261487
167477
233370
142999
256713
305833
103579
352538
135763
392144
61181
200302
456908
286858
179850
488075
174511
194755
317822
2302
304596
172556
548275
341678
55299
134760
352936
545129
377012
141328
103757
552837
28246
125167
328745
278760
337133
403389
146825
502558
265916
428985
492041
113403
372037
306103
287574
187495
479805
336309
162043
95899
43133
464248
149115
247438
74030
130645
282841
127092
101172
536743
179642
58133
49667
170605
11347
365277
201970
292663
217219
463226
41924
281102
357816
490878
100343
525058
133503
416145
29341
415413
125527
507951
262609
240210
581781
345137
526342
268641
328777
32001
137538
39115
415958
6771
421865
64909
383601
206907
420840
370980
28452
571893
153520
185890
392991
547013
257359
279879
478614
131919
40937
22874
173375
106344
44801
205401
312870
400886
351530
344013
173500
470423
396729
402499
276585
377097
367619
518908
263866
332292
67805
152211
515025
221350
525247
78490
504342
95908
82668
256199
220270
552065
242379
84866
152281
228464
223122
67537
456968
368349
101985
14681
543551
107558
372009
99054
126540
86877
492785
482585
571564
501116
296871
20395
181518
568041
121154
56187
190018
97156
310325
393274
214574
243222
289949
452121
150508
341752
310757
24040
228551
335589
12020
529597
459884
344888
229713
51948
370929
552061
261072
120070
332067
263014
158993
451714
397327
20965
414340
574946
370266
487534
492246
264771
73702
43997
235124
301093
400048
77681
58472
331386
13783
242513
419158
59325
383033
393258
529041
249276
182775
351793
9727
334069
566771
539355
38662
423617
47559
120592
508303
462565
47916
218208
182362
562101
441442
71239
395378
522637
25603
484450
872
171483
527248
323155
240754
15032
419144
313214
250917
333430
242757
221914
283190
194297
228506
550691
172513
312192
530619
113867
323552
374115
35435
160239
62877
441873
196574
62858
557114
427612
242869
356733
304828
24880
490509
407083
457877
402788
536416
385912
544121
500389
451102
12120
483476
70987
482799
542549
49236
424258
435783
182366
438093
501824
232845
53965
223198
288933
450458
285664
196484
408930
519815
290981
398567
315792
490683
257136
75611
302498
332153
82293
416911
558608
564659
536195
370260
57904
527270
6593
145620
551650
470832
515785
251404
287331
150788
334006
266117
10039
579158
328397
468351
550400
31745
405970
16761
323515
459598
558457
570736
476939
472610
72155
112517
13659
530905
458768
43486
560893
493174
31217
262736
412204
142722
151231
480643
197245
398666
444869
110999
191724
479057
492420
170638
277329
301908
395644
537611
141887
47149
403432
34818
372495
67994
337497
478586
249815
533462
281032
289941
151911
271215
407868
360700
508582
103873
353658
369081
406403
331692
26430
105655
572630
37181
91336
484587
318284
113019
33055
25293
229324
374052
384111
213951
315195
319283
539453
17655
308974
326243
539436
417876
526940
356347
221932
73753
292648
262284
304924
558587
374858
253518
311744
539636
40924
136624
334305
365997
63355
191226
526732
367128
575198
500657
50637
17182
424792
565353
563040
383494
74458
155142
197125
223857
428241
440830
371289
437303
330449
93771
82715
499631
381257
563951
192834
528600
404273
270554
208053
188613
484760
432016
129800
91756
523097
317018
487282
444913
159500
126822
540564
105812
560756
306099
471226
123842
513219
154877
497034
283928
564003
238602
194780
462728
558640
524373
455624
3690
560367
316351
455772
223777
161517
243034
250440
239975
441008
324715
152106
246973
462805
296521
412767
530913
370165
292526
107244
217440
330204
220176
577735
197022
127451
518701
212322
204887
27696
348474
119233
282804
230040
425690
409241
296825
296353
375909
123136
573891
338256
198247
373375
151051
500084
557596
120478
44989
283380
149005
522065
626
17198
309633
524245
291589
322714
455847
248468
371948
444928
20438
481670
147195
95022
548159
553165
395324
391371
86884
561121
219737
38875
338159
377881
185472
359277
114861
378048
126226
10217
320246
15827
178236
370279
352978
408101
77615
337044
223714
20796
352445
263834
156704
377867
119402
399567
1180
257941
560675
390471
209290
258382
466339
56437
195042
384230
203214
36077
283038
38323
158770
532381
395903
375461
397857
326798
371699
369503
495626
464328
462211
397719
434089
424793
476770
531852
303538
525849
480917
419653
265063
48956
5184
279149
396727
374266
124429
36124
240213
147556
339512
577182
288599
257169
178254
393869
122314
28713
48133
540681
100974
368459
500110
73634
460982
203878
578344
443602
502012
399666
103603
22090
257529
176328
536656
408873
116881
460972
33835
460781
51223
46463
89395
407646
337453
461715
16257
426987
234889
3125
165643
517472
451435
206800
112128
331236
163306
94185
498716
532732
146509
458567
153832
105996
353398
546976
283060
247624
110048
243491
154798
543600
149962
355256
352900
203081
372203
284605
516244
190494
150301
326082
64146
402858
413538
399510
460251
94336
458721
57345
424162
423508
69356
567220
509786
37038
111535
341318
372067
358120
244909
180653
39852
438560
357041
67065
51928
171717
520430
552395
431355
528084
20913
309610
262323
573784
449485
154846
283438
430871
199578
516318
563912
348483
485613
143440
94922
168817
74457
45830
66297
514173
99186
296236
230903
452312
476444
568981
100811
237350
194724
453622
49559
270609
113701
415393
92173
137004
188795
148280
448114
575964
163155
518719
219329
214247
363927
65357
87617
552612
457817
124796
47740
560463
513968
273637
354212
95959
261061
307265
316237
191342
463272
169273
396518
93261
572733
407386
202658
446497
420852
229274
432724
34900
352533
49891
66144
146831
467484
97988
561647
301155
507421
173217
577584
451940
99927
350639
178941
485155
175948
360673
92963
361321
48739
577310
517795
93405
506458
394681
167920
16995
519573
270532
527750
563403
494608
557780
178691
8676
186927
550173
361656
575911
281315
534377
57570
340894
37624
143103
538243
425077
376545
108129
170974
7522
408906
264279
79415
344025
186797
234349
226472
123639
225177
237984
38714
223671
358247
152465
521405
453722
361111
557117
235832
309341
268469
108353
532531
357279
537280
437618
122953
7088
36693
127659
431901
57244
567565
568111
202926
504516
555685
322369
347620
110231
568982
295340
529798
300341
158160
73588
119476
387216
154994
259755
211282
433971
263588
299468
570138
123017
355106
540172
406215
8401
548844
161820
396432
495348
222407
53123
491556
108130
440617
448309
22596
346841
213829
135076
56326
233139
487418
227326
137763
383389
47882
207797
167452
112065
150703
421109
171753
158279
240800
66821
152886
163640
475466
301799
106712
470885
536370
420389
396768
281950
18903
357529
33650
168243
201004
389295
557150
185327
181256
557396
182025
61564
301928
332455
199403
18444
177452
204206
38465
215906
153103
445019
324527
299207
429281
574675
157067
241269
100850
502818
576566
296775
873
280363
355240
383445
286182
67327
422778
494855
337246
266853
47516
381991
44081
403862
381430
370798
173383
387173
22396
484066
349414
262235
492814
65238
209420
336276
453328
407286
420490
360328
158440
398534
489475
477389
297108
69750
507833
198992
99736
546444
514914
482574
54355
63478
191693
61684
412914
267408
424641
56872
318080
30290
33441
199310
337403
26731
453390
506137
188945
185950
239843
357944
290570
523637
551952
513397
357870
523517
277048
259879
186991
521943
21900
281074
187194
526723
568147
513037
177338
243831
203488
208494
188460
289943
399177
404668
160761
271143
76087
478922
440045
449432
61025
331138
227019
147577
548337
444294
458663
236837
6854
444926
484816
516641
397863
188534
64822
213453
66561
43218
514901
322844
498453
488788
391656
298994
64088
464706
193720
199017
186427
15278
350386
342335
372024
550939
35594
381382
235902
26630
213765
550001
129706
577149
353096
376891
28499
427041
314965
231163
5728
347836
184388
27476
284860
476872
301317
99546
147653
529515
311922
20777
2613
59463
430670
560744
60677
332087
296724
353321
103306
363887
76431
423058
120340
119452
6723
462327
163127
402723
489382
183181
107656
375409
355228
430762
512468
409125
270544
559113
495388
529434
38355
422025
379667
131386
183409
573536
581317
425404
350084
472
28532
329717
230220
187196
484166
97434
224595
87483
516998
314876
32610
514586
344816
394418
402330
305993
371497
315790
294908
207431
561014
26584
368671
374990
54747
47571
449424
283761
84735
522127
120473
524656
479659
131627
450959
153300
580908
207785
49115
284991
96505
278306
291655
1404
489304
557459
37740
157465
390475
119166
33871
247428
75905
20779
65035
333556
375415
383676
505243
87327
16451
287235
70190
245067
417520
229234
183786
333018
554156
198915
108021
128262
412443
242543
555050
436511
445233
207886
156397
526257
521357
413043
427189
401614
94823
351130
105945
182314
305879
526197
64409
496800
236461
138175
43816
185904
345711
72536
526737
360400
556537
426053
59044
28290
222548
434915
418623
246454
111801
12448
427133
459117
11262
169045
469996
304390
513096
322822
196371
504977
395364
243950
216218
417217
106736
58194
504101
478522
379314
30432
207027
297146
91844
176031
98287
278095
196053
343692
523137
220224
349485
376193
407067
185781
37871
336464
46331
44244
80274
170147
361106
468499
537864
467457
267343
291528
287828
555648
388284
576085
531973
350122
422253
509811
78093
410019
133090
581205
343976
9007
92478
450674
486306
503978
46378
335578
404071
225558
217923
406217
138054
575815
234990
336257
159240
399516
226408
531126
138599
61693
89861
29504
163296
477906
48419
25595
195594
97592
392555
203849
139248
245651
275755
245426
127279
521359
517623
235747
475906
11198
336101
70134
505447
218996
30080
484457
120441
575643
132703
197915
505576
90956
99741
517819
240918
150834
207306
132682
88250
213599
462584
413321
361521
496081
410583
440027
417284
397069
280498
473171
129739
279774
29370
518899
509867
85556
434930
280710
55077
348793
157756
281111
190689
281447
502854
232894
268742
199553
220808
137330
256903
116017
466416
41635
110906
340934
557501
146767
517617
487159
1561
417281
489014
292463
113533
412247
263973
515444
343561
310200
293804
225867
150320
183914
9707
89999
177842
296524
287829
68300
363654
465986
159969
313948
522779
219820
198352
12959
266727
8016
175804
497867
307892
287527
309638
205854
114119
23023
322586
383341
134198
553522
70426
329138
105367
175597
187791
17944
366611
93493
242422
41842
558840
32203
19667
124297
383726
252625
234794
498228
102906
287967
69021
51326
243896
509423
440124
122582
344325
34455
442478
23587
236904
185633
349841
44294
112568
186296
71914
3837
135486
223747
557517
385181
265313
404263
26564
516867
497096
332351
345139
444304
510877
356387
561214
311471
408789
561729
291380
174671
45710
435136
388858
361693
50811
531134
573605
340175
534988
382671
327047
348400
547137
401037
490711
499266
236370
449075
334015
107234
232315
462953
252048
186822
410168
28994
45550
453626
417957
468577
106338
391684
375143
217622
357903
347648
142182
213843
299148
352587
436676
161875
144655
304741
235017
181799
211042
335507
553731
412531
229740
437129
423830
561806
337666
52016
138057
70254
494393
73119
262425
565395
305329
489611
377080
569450
549766
332940
235302
53893
203781
38449
114870
18699
396338
449839
423613
379767
369594
375812
359219
229311
291675
224907
416885
32964
573406
17282
103375
81860
576886
461334
35672
243442
217269
445055
211112
455675
412384
88967
550643
24223
504074
9275
155546
329542
172658
331600
315492
194208
162867
324614
432017
140860
157944
406616
486079
361172
258346
494140
315384
451014
242619
413684
386187
408501
121089
343603
232538
558671
551596
32992
406647
435260
11156
40896
175382
110560
252968
189694
63154
564816
72004
164788
434583
453104
111878
268484
290768
473215
450620
32673
277479
529917
315868
562419
378347
398637
84097
120527
134193
431472
400238
86426
208830
524535
22213
516813
526044
386193
246672
386739
559252
153344
236123
246074
323615
92644
408621
323231
499940
296105
578902
150098
145015
131431
318618
68409
497928
362520
467755
112702
163219
277289
192362
497674
525439
56267
465868
407570
551608
345211
179653
55295
97315
534041
505822
411082
132375
25378
272008
536605
123511
148737
577712
493751
29587
468297
528458
491058
558976
181421
209685
147545
486964
570516
168662
19446
395997
242911
232511
317035
354527
5961
513793
124390
370123
113397
195790
252813
326919
432414
409239
458221
115667
212239
279279
375554
546622
317188
260818
286021
377111
209868
243148
132037
560624
459721
193498
22623
254164
112841
383470
62692
227940
471335
44858
213649
179898
102837
474078
44478
256197
309492
182923
421139
275695
104965
480780
449749
76513
578591
336695
247474
320490
246105
53183
485740
575823
510735
290741
37017
348708
279784
453634
567644
434192
482719
435324
544299
106896
569926
301574
492885
103462
487151
513585
219647
303685
459645
76292
188579
154883
207728
425074
310493
27221
371694
119404
399665
273556
454577
580698
267664
295769
423740
22461
22667
508443
390401
369997
524627
193349
132223
576743
130586
487741
107542
501420
520109
308156
540581
231362
86471
472930
351133
463605
575577
159842
39504
223020
63525
298627
139883
375205
303549
16838
495680
408112
394474
188044
472143
463751
31481
378139
190853
442614
172006
140270
133051
178028
495090
88455
13232
46323
346275
425905
487013
433136
514402
521906
4157
61418
567205
213351
304008
296492
506561
408120
415961
323186
480379
349199
201918
135023
456483
136173
237917
4972
99081
331569
150007
36450
93400
487461
203629
218093
487181
113935
139512
210981
358883
47419
248382
80357
462663
83097
26159
80429
283055
452676
50159
12326
29430
303264
158122
569070
52925
534876
46975
426376
170293
434417
235517
218476
445008
482774
305632
116848
557252
229270
453485
382214
54759
59171
193328
17152
238071
148531
409725
75434
65358
473057
415408
579415
48636
269606
298784
162799
356400
326854
24601
66499
340247
20992
190218
548464
122203
405306
495376
536028
5713
206831
9395
503939
194440
474253
395849
165141
204935
412621
402922
87141
570664
202622
137362
221737
78947
112129
341957
169562
164780
360216
107641
415015
444955
559102
123070
176592
309366
116461
222075
530470
214363
414487
471567
292123
370210
364243
510254
396350
141524
220310
398604
145436
392476
17482
78032
336171
130812
489743
346638
418854
139072
263860
458240
383443
337533
182334
535608
517946
489924
308117
129945
59973
538364
513458
449433
25165
335851
487688
153834
347612
349689
443688
486008
479149
442286
61108
315338
511546
506444
775
121839
291412
497626
387223
367095
557896
196118
530652
447991
215622
232160
296731
272273
473415
364705
235790
479950
141278
547903
66523
353989
121875
237735
100083
348941
288983
390083
168248
120776
489764
219135
551713
256035
309005
112493
579759
114972
458992
295768
158497
309696
363844
507966
313491
280779
327130
292901
127761
183843
456521
164475
224281
443713
72514
567383
476215
565650
17708
474471
248334
196313
164759
212453
319024
332916
35436
113139
172716
7570
161609
144534
137475
561411
45844
332027
36990
190160
421231
283210
365611
511407
400887
485071
481214
347203
153506
397403
229599
357322
76034
101189
567444
92363
526767
218811
362812
339120
579696
399269
10705
549012
410428
105623
535307
419235
119911
236604
515779
188173
66397
549119
478742
256180
128224
440539
112818
315434
97513
171970
433483
226008
83217
424548
343753
350334
479280
208808
43266
399893
444386
47687
499093
565269
465835
167486
433460
169872
299640
158466
241373
50576
161567
73560
349804
181745
352684
450357
532693
88335
256518
94926
541197
14629
276149
539439
498738
25654
291330
146465
160190
513064
75748
499007
164464
134042
422416
543315
34056
303197
394801
293071
44964
529083
414522
331180
227599
581040
382850
159898
176841
205352
540782
406591
184499
14380
350230
458175
528786
314935
111086
2191
20371
337042
558371
296907
539937
511463
574856
87864
403817
152598
169712
533227
173545
478862
19455
258433
373440
460229
525682
176857
525050
277025
156416
206784
415179
183204
210374
312868
514366
65208
376342
515792
383066
85247
119132
338007
88748
206705
495808
532164
150686
35474
207860
111165
391199
346011
537721
11390
487482
360983
400347
92795
347506
324322
371958
101280
222842
563604
210299
150616
96351
330455
273551
228749
248051
495252
372265
52664
191874
157416
446428
136681
1228
321811
93791
477867
192520
157124
40620
200541
103904
329494
60093
112573
489125
513115
322968
561619
74309
572462
248252
375376
217312
243213
79878
452218
349754
554291
434043
460373
452591
567787
504711
196007
511153
312416
296056
308849
203667
253223
331230
465545
363048
69392
301506
216198
147979
6005
381870
56983
320972
144122
210855
151480
299288
462486
103931
321079
4134
239861
540006
413805
221222
198943
450790
380597
388298
58737
246197
160726
398554
513946
222235
323851
364703
125643
169800
445662
223764
575372
489207
559474
7155
453819
402720
102355
415076
287436
35705
111076
395865
310862
570834
54728
215778
80053
35148
350488
524140
190097
36661
302110
96884
383397
245462
446958
138937
424712
561814
276964
148034
411068
357824
103257
322149
508899
580294
214386
114419
271429
168260
209835
573072
252269
31980
161308
281508
192714
247599
188948
180563
419601
233660
154804
311846
181499
5535
175082
531018
412338
166995
441411
427820
516846
287366
67959
271266
330845
74209
508167
542699
66485
453756
158412
443784
118097
265050
29074
152623
532493
292988
530384
192660
502336
472648
151657
351626
241010
115070
268356
539557
304698
251140
497158
527445
385428
179200
512394
184978
141910
36311
579457
19129
424960
181714
126216
512911
488360
379533
337551
325410
364587
468885
211107
90062
500446
105960
451951
431431
134178
164548
173826
373988
15157
3091
393557
380011
75372
37403
209995
493610
315899
353299
355040
547000
86133
58174
377326
510230
480583
158588
432529
311206
127626
239980
166340
104185
405174
507211
542782
448078
253477
542694
567308
214853
288824
283268
480757
503200
221089
112388
171539
124452
224200
206362
428754
256192
119414
351620
330050
547504
216398
94261
19916
163242
432588
143824
361103
271138
260150
313627
141086
308263
388453
153217
372794
514787
251910
351335
92683
465836
18442
404128
208476
47873
303219
201622
367489
32760
436174
401926
338419
45248
328464
312216
156282
315702
300701
345401
515350
29094
284296
466449
351057
110672
364853
10014
415828
397522
451412
433124
158277
93476
183387
109889
223326
105547
530061
256301
526778
80974
86650
45835
202154
92678
315991
423919
455044
491168
272253
146627
285349
86001
44171
162332
257328
432820
519275
380639
269436
236016
543215
346752
575970
423498
136926
195648
126634
133078
138656
490012
122388
195165
434900
533625
504167
333697
216576
538775
125072
391154
545007
150292
566717
367362
490991
356623
141271
402795
516786
39499
536716
293324
212853
276381
57124
325992
394659
452178
117674
461172
518586
497021
462345
526570
17328
202928
62566
411277
256983
49473
211206
398031
277955
531178
453959
27946
252844
30273
536933
500298
229111
7977
27642
303726
79927
110313
527691
442205
33345
365851
233236
239157
409221
400803
32947
422516
359727
215872
559454
289716
450247
57827
312298
530383
260048
35857
224222
299533
13296
325907
117869
54088
391011
340478
205344
347823
468604
78701
101414
197499
490871
89273
380343
441974
35974
486114
354398
535536
294030
7276
278742
137028
98721
372764
429802
72105
220307
116845
195406
333000
130401
264382
125458
363036
286994
531070
113801
4108
47603
130118
573924
302990
237566
21470
577926
139436
425925
36844
63602
399791
35894
347228
225617
504813
245320
466007
553931
166731
164885
19090
457262
247806
502895
167593
352491
520
26386
497348
352000
386164
32901
730
30925
333167
150361
231747
462244
504958
260738
313762
346645
486118
202998
541613
183884
230245
83172
126638
51844
421673
118625
377723
229427
371326
104345
361687
114246
397354
104137
120850
260516
389168
234555
26348
78522
409784
303024
377949
69887
546983
113736
298197
476810
137315
376321
410337
492905
119785
158167
185930
354061
106563
328452
506587
536517
480173
570688
376441
252127
247720
132554
41923
400317
170041
151938
198650
6437
49091
221820
455966
309859
300659
15850
388014
253386
65415
238228
548882
302155
93483
371869
397287
315249
360564
448410
21382
477474
144862
517515
230190
322353
231568
14940
132719
498942
182469
113720
168890
94852
246077
117535
52596
419116
522020
255338
125228
564332
106375
249534
220915
177758
293057
222430
196878
554980
375606
173081
84936
418907
562229
457616
125700
66038
239274
574110
305540
98431
167347
53345
438481
286010
5569
343606
168898
191301
236338
291394
715
520237
236954
192212
524002
471625
476029
413124
203455
483328
476417
114389
372428
369221
322654
388157
561314
264540
418680
359540
426182
521613
92248
74478
398905
554273
125909
430583
418959
503522
382999
403145
536375
352618
108193
279696
163253
439007
204536
552186
269926
372147
399921
201418
240565
471483
91619
393971
331648
385856
567440
81922
391722
372894
535997
134096
545958
239943
186929
34222
177714
277812
197111
281878
532003
557172
142890
196116
385454
322845
374987
123137
255112
111207
304819
523526
336046
42893
241273
240049
90659
271364
408008
253282
167067
354278
178317
229653
93333
163666
566920
495199
100329
218119
558864
257382
406152
206587
420339
325919
278853
555763
293200
151000
209664
79380
197177
353953
464522
392260
46144
154202
164366
206025
511236
24921
497907
393226
318138
364125
157321
492395
187857
109939
441500
144251
368581
51403
283498
43555
89356
404601
23272
425762
460682
544629
209829
322029
199247
307262
571242
124236
162393
104829
250766
563938
237399
131516
483001
21994
97958
540187
264497
384808
343187
51277
6712
566103
435384
292082
359039
165157
267972
263796
489313
392722
541924
554433
571034
146112
201934
518716
64116
294992
289586
159970
479617
269006
140465
513260
554805
6579
452696
34445
548296
372983
509656
199339
130030
128372
449454
139306
247914
99024
499134
536653
468917
412813
404338
215303
455414
413497
574988
397117
188631
378701
241867
143129
419884
412749
496954
317732
16977
398309
162363
147576
100016
209018
92660
173302
525732
449198
99734
12733
172946
168032
210988
340697
4795
534887
483553
278323
178175
190095
357542
230432
227460
334609
562121
378126
555357
325666
451859
526837
531710
297249
294839
499785
254976
527220
173057
11760
163012
215998
114420
57812
563712
513887
201859
36333
291990
338375
460621
518889
337502
133050
80172
537007
295270
335644
227852
336044
204137
82259
165675
295713
343937
442567
356002
346932
62985
180925
525381
13081
377406
159774
462643
359105
185821
390201
84168
128059
80340
481159
491902
306619
353807
390569
541562
292616
64621
439224
96288
449798
160927
496324
90778
126145
97230
572767
11570
539075
350988
3779
208135
551315
216449
169606
502
67765
281414
118594
146127
543985
124927
471394
385508
373783
501315
140974
42757
527054
202387
513056
329931
153973
510152
520812
534601
131282
386638
508538
234779
229329
396568
153568
229478
153574
356299
436694
324139
299409
212462
478155
393266
117836
190760
213605
196
444382
445211
363845
433277
521141
464786
169076
301402
4495
177258
328962
183757
452966
416059
113233
559417
280678
481398
328372
234910
30667
343062
383046
370953
258089
404229
456931
535183
300867
60507
262672
7288
81100
575395
539951
347848
437594
352005
14941
196453
528386
466939
482187
293468
494077
217285
362951
435751
411480
517315
480015
60610
353001
376442
430265
478338
303069
525344
437331
389315
8179
31981
313872
330920
515465
258905
142249
323128
389699
565012
124636
488693
376608
309424
370596
261940
39871
226984
152866
515050
116861
412876
120411
550452
565273
273791
181466
183155
293505
336113
569997
303738
331049
147030
74058
198176
23991
198841
79816
85183
261535
566756
386291
318200
569849
57429
36049
420827
519271
24391
172087
158795
133002
522198
133698
499365
79261
258860
457718
179948
421875
558073
206684
529762
456756
65773
425722
53102
294264
416730
38574
176275
404297
127494
242060
272212
189244
510861
421370
208516
206431
248457
39502
375087
130839
308730
572453
263474
544611
255708
412604
390094
578131
234463
493563
9450
381914
148999
32300
423576
569758
347253
92939
112212
13923
39472
363736
289659
269949
88349
188522
488915
129054
573823
316000
440562
408818
539302
199575
122300
340047
322816
472878
313922
228071
265648
400166
169166
10040
125245
148766
31281
172599
431067
208236
441824
175611
15148
431199
521587
50025
443139
349822
515056
27530
571970
82367
7115
424333
157601
537506
447187
115182
547597
5586
143040
31650
196336
279818
206273
403104
514248
243190
558642
548246
16848
391539
89614
284589
191314
259452
208380
209441
465463
385005
321385
223569
11727
87574
566470
210890
323598
427193
425676
401240
94021
259571
447553
456053
84693
14278
119995
234595
408696
136271
143560
357578
28071
36561
157102
293789
392251
356622
180274
48320
475779
301326
100977
413551
574010
404479
80725
552221
575441
197424
124601
215633
359546
25386
73199
334466
156572
124614
34121
460049
327623
441695
292488
476514
464018
348571
113413
125208
129690
446218
493761
383413
460390
343149
374041
525211
451263
333683
385194
107427
102872
517249
475879
575755
147787
297180
343774
112437
142240
384503
511111
51089
145408
143582
408138
162858
71850
126925
222781
314616
425609
203928
337563
223300
52644
272566
232597
374430
469075
267164
265851
28134
308889
465795
47263
233727
42
493117
124621
533378
361259
458750
429033
383289
490927
520964
174420
64425
378859
401850
281475
46508
205300
280736
110961
230679
151956
321497
73665
488736
165353
365983
556230
21465
581226
448861
3793
347335
150726
75319
2521
285894
133876
104589
346013
63516
83656
491515
326256
49942
28508
475413
270222
235839
48554
327777
111179
507171
425973
449490
205239
82375
459575
432300
91885
340922
270239
195894
121417
344831
439651
232148
391688
480793
534275
260823
469294
8688
255654
191300
383464
81594
21240
478077
517596
555953
294119
402234
459500
564280
106849
167501
98328
267411
145512
272599
50054
414156
161129
418226
11796
502090
390350
440500
240727
104406
163682
437910
143767
358901
527631
500543
28377
231097
227985
556703
421566
73201
478393
280347
15497
131969
515760
295440
462527
42147
120007
212895
425361
454143
5758
366782
213932
229848
458861
132791
476664
150365
343038
529649
180515
499810
329041
15660
419228
396295
502644
321085
245049
34193
217323
446455
528046
375573
15802
147448
407291
84000
280891
150487
510606
163025
249964
126123
233771
118507
97278
357386
23121
10580
2153
176017
371472
373289
173908
296797
334083
301107
577522
125404
278359
575032
273002
266371
108315
255633
503490
250051
143927
117407
198271
447043
329789
399991
458388
87489
228411
494634
260802
454161
446322
231079
438373
395665
244539
212427
356660
347276
183287
498374
21167
544522
418533
288493
245660
406103
406976
367313
455555
117337
384465
185697
160393
463825
276852
181462
176288
452816
102497
54277
225791
361046
197278
9857
227736
398992
55868
170914
181677
467803
560470
264599
540372
559442
201207
137227
267643
355471
245431
555669
344498
84783
193474
102411
401860
119469
448786
449990
568082
340472
307573
231828
307547
82052
15140
493612
503972
386592
473219
495557
159440
355869
311531
209733
240119
415048
296098
249482
15663
151432
263011
488539
463913
502798
174276
495613
407861
229304
146742
545039
161202
295134
162144
453317
52759
335201
222903
20333
559550
336049
346140
491223
306611
102746
455355
449921
477288
77821
289712
452663
147758
129571
490869
345961
94501
160394
432993
178796
372494
316323
383435
194940
74583
148911
518027
431827
32724
158548
227227
500330
54679
321024
471175
252074
476569
573258
337247
294373
558661
148898
563267
163112
411968
193565
455210
349344
337160
160456
255158
553678
123843
549687
381968
579471
100604
379841
357526
197263
14756
412639
210915
47204
539251
166255
490199
260363
91654
170550
187888
97362
285418
176993
292741
361901
296988
223496
493753
114907
151358
316534
472509
499802
348519
347747
58851
104790
396779
130528
2255
19624
526800
233950
505945
131207
290750
114090
196665
8708
134688
394715
115088
492196
530099
518729
291572
421457
445365
78929
415461
551796
210002
207913
344878
303893
149196
353275
122413
553361
519132
467135
431439
17089
322119
228214
35062
105689
366141
285651
60409
472671
401446
492846
21023
421952
374100
265200
506628
62298
243626
212122
350648
409921
428140
399212
388267
198921
429246
202040
570001
261346
61171
131815
455448
82696
554607
102174
386803
188421
191846
209898
380117
321064
119617
188651
132210
244299
174072
542910
378334
118405
543347
183657
581180
395289
64760
265584
29573
493720
94795
315601
416596
260106
244019
463884
579468
112085
300972
238528
382542
57672
165298
46889
289497
337180
481252
7913
432150
288161
403758
257336
565331
346589
270785
205670
231580
508580
98871
239997
554579
160057
404922
78771
380756
171199
148077
22892
145378
26967
235200
176007
90349
554377
189744
257053
270515
66508
113890
291983
558927
420916
140908
58384
438226
575776
106935
40602
468993
494810
210408
365685
483722
39430
258793
272615
51476
189919
443887
391648
422670
445135
198959
405529
459757
465489
81827
262576
408289
309237
76249
460091
512630
45959
280320
200492
404652
48475
18480
457097
65889
162256
265950
520752
299082
51500
499313
104906
35438
167647
7274
387824
242139
173166
399830
12014
510642
154053
67785
78170
514118
87998
52703
203539
534533
85926
274438
401653
458790
509262
144481
387515
246649
503207
235131
501531
62025
43286
272323
326128
561889
167529
171067
50778
301282
469719
509388
480317
379055
546428
192763
445602
420882
232790
174332
232865
292822
511145
119502
312591
110330
281353
116244
58778
428079
64902
520840
232054
473214
572574
296684
351590
217997
178761
71618
226496
285212
381195
499903
232849
468997
345559
503097
578570
396404
405223
578752
403500
188958
504498
491623
462929
525762
395550
574227
240751
169356
524694
40886
571635
487774
86220
95677
268987
502599
155270
103855
125100
241355
220214
391774
110618
154587
134483
458781
360877
465963
194595
346934
127153
188078
553869
102665
400547
33759
42779
397587
140295
151807
549136
470288
89738
328368
546934
164255
563683
399988
360951
217303
326781
546133
135399
94666
330037
569839
411070
497466
404805
417854
318442
255036
457230
346863
307438
370448
5124
152582
38118
12179
58462
308420
329456
74920
250368
186428
556073
111806
361244
80273
230964
156754
503101
75173
389404
195538
88848
286018
245481
140929
533721
268378
70048
315467
46269
372807
192403
387328
163033
481314
65306
192529
321107
112232
441216
412399
565391
220670
61471
463290
346707
67587
147624
13031
396754
278601
439426
42834
281829
376209
353148
556562
97579
217989
319530
82551
235319
431799
53892
52853
54533
88897
225093
386777
546742
273684
413900
245447
577995
16249
188414
485142
199602
89258
109679
502397
14494
13632
51674
244999
305050
455956
426795
560700
327306
410301
343803
539422
156740
527845
100582
9941
466585
61515
231895
157052
41271
148128
141172
320232
78565
539883
391300
365182
322194
116517
323496
473783
519874
440706
361587
265153
329946
342814
32258
153510
194555
309317
245006
300303
97767
218224
370170
290477
207178
456730
209480
513775
199516
581542
32524
416337
96241
506279
422893
248911
509855
355183
201220
234914
333436
68198
429074
328430
160531
467854
280688
140661
349525
267315
565543
313162
25751
232574
560358
505213
494427
160308
287335
99182
413260
558808
290839
122954
229221
192007
243189
117645
552824
366111
102056
356949
566298
97899
422545
343769
13127
179273
104486
37660
304099
517570
20207
36484
36492
155974
107257
534019
522371
222825
96183
509227
302260
95078
280918
367582
317033
347982
73209
290521
187243
425151
483723
573796
187249
144114
132992
35887
546067
426532
45626
461805
129989
541478
485489
578498
485483
144784
248224
372362
92050
423519
473118
177207
105455
276434
157767
384335
509497
338191
224010
327388
96988
43376
67867
320743
555197
104453
14439
512194
396387
252559
108953
461262
66320
97946
238065
306139
572408
577864
81004
464526
89378
193389
259049
85665
381134
412419
308947
557510
502084
288290
254609
188752
439525
13980
140513
240173
305268
38678
394050
402926
364079
159260
293034
55429
289640
291028
211120
48050
93887
361029
486026
388374
207803
540174
530630
430359
36420
120099
199764
492911
84498
200882
139843
4975
421209
259513
520324
211317
236457
419344
3867
287846
50434
26624
507235
16238
103705
497555
440060
175825
245460
308276
178535
391735
206391
201550
400945
194634
262360
554142
407574
225225
246057
498627
486172
226571
461751
459733
345869
503841
286460
45644
22861
285599
580284
569565
286778
150024
542101
484075
538153
20470
128034
544120
357109
450728
550968
326230
558809
76334
555387
47121
523978
11081
378134
116279
364884
488250
551957
322824
545564
255573
286327
355453
361933
434897
32597
226761
166482
557564
208166
232115
283520
137395
555894
103509
174284
458313
316147
344059
370701
548930
89894
373662
572095
19324
574411
45746
480122
63950
92339
201111
157053
401539
427956
339099
274651
159537
556101
323399
564337
514915
556025
66427
322357
173737
369128
420230
45176
509675
374677
272311
109797
384723
383678
453040
91080
301634
533003
40361
221605
216228
104002
161011
146123
214421
496252
264948
9759
138856
316189
145734
50411
325157
259099
516856
529668
135976
467130
367433
385598
520933
102805
30066
436696
216837
380754
350457
126974
565374
73832
214703
110501
380609
135872
140231
251816
133836
398866
230362
426815
2240
51484
546325
224093
221190
525024
238806
99908
165795
109146
537727
496571
183803
211175
433845
168692
526394
368402
256309
468972
139169
398440
171678
547341
64332
533589
483249
406000
330348
439188
572886
252829
242724
139127
404568
45809
52257
458727
334509
559665
60992
290896
503106
27972
536891
410855
31202
457882
403315
87399
395291
322141
226377
202799
420826
553034
212077
97693
266370
101656
504142
342933
87567
342060
268854
437028
20175
198625
405047
382374
338291
403975
527906
322429
545550
140043
107389
74059
315621
110138
78381
295576
494438
106335
472349
15818
162358
366484
44604
66524
118606
366873
270721
556478
350789
298628
163314
262800
459428
491725
285421
406332
498280
34535
524282
315744
226592
218294
459141
242034
114164
293733
248242
452881
441496
54358
177489
372861
349489
483941
572802
356494
193875
146570
58253
21338
6220
341933
533368
1818
428248
293026
227656
193021
326938
512966
226020
343059
249720
540106
375278
300023
126512
517135
472540
361439
132702
503294
109537
540669
332007
245266
313999
10386
225715
311567
103837
302405
248616
102654
155087
124756
379659
569272
160166
428234
422280
174425
133412
174503
216581
345063
52949
69536
216161
272728
200870
120792
193480
493923
445567
558539
51938
422706
416271
244160
437898
327352
305480
349459
522418
485219
225133
361400
546569
190015
348216
421822
457683
178683
40894
234526
465074
518725
168096
210190
139605
35195
463640
286770
141651
112022
532552
325327
227224
17272
84163
331475
126065
289309
8583
52952
189427
579693
437947
187565
215982
356424
453731
463522
372316
251797
70187
280515
556608
341635
391067
469480
476298
57917
146672
122747
394328
12209
80013
573291
278449
129659
579560
557190
227468
334782
51157
23774
9426
86582
39211
275751
131597
51250
357255
9041
346482
9647
157019
409016
273416
114414
298172
388854
275025
58079
518034
503518
146710
120632
474680
303713
259097
479630
208318
437298
173704
361831
371638
344279
230175
72507
417980
72621
163057
92894
543525
577364
263696
472732
66027
391584
197745
131019
65604
91318
535934
212646
576354
482071
160556
120129
7260
344881
447548
318193
30383
527002
34904
35677
526222
105261
401897
399452
25660
524595
384512
117543
514600
268944
112664
222340
569058
495332
192153
75591
286711
174888
577065
25508
169972
401820
425475
290700
173091
559101
122418
244124
198645
325519
276437
528276
146614
45574
417804
326420
250594
27353
310407
370103
274957
561160
167598
397166
257458
404546
148392
373396
62230
493522
563665
274240
269815
79024
527427
84674
486788
267690
443347
149304
412285
207041
412916
10764
151338
299000
17882
475510
398188
558213
70493
180779
347210
280211
58146
379022
504125
537604
464858
329573
568623
228309
454444
552775
557884
435671
168706
142257
571437
574845
387773
321008
574208
405811
375426
321887
256852
433554
517029
125870
80395
497139
490008
405279
571857
225738
514913
456239
499402
96440
487607
370999
319617
370233
60760
352703
478575
84170
134112
77689
185036
73738
547502
104782
213276
136908
436273
442149
355000
374061
249884
105711
136464
146997
76351
388487
99115
124135
24721
132931
1149
182403
386089
81691
480657
441522
60989
268000
55840
514321
577959
359638
457986
533596
60332
367082
772
535842
473541
270677
409009
259216
302318
117036
331372
231125
384486
405214
20760
579760
172995
359110
83110
410068
109916
328757
299261
19028
515660
40757
10256
442695
553097
185903
74388
425120
241326
299609
29397
328728
283881
344029
367336
27075
163628
127263
488979
460147
473050
405762
221547
131581
561187
406489
140696
452721
530466
118965
398803
218365
298738
19441
521550
120157
498687
4754
365866
70865
235156
133386
142742
221183
262391
567053
520982
121349
448779
440354
3983
578993
519691
160703
103307
300408
137106
488377
523660
318022
132578
302520
153040
408817
145227
311190
159662
202923
256775
359864
384848
336404
185303
421703
362682
464622
246590
422729
165500
42563
219216
520232
95063
265547
532686
290558
112591
448211
315281
545475
225850
232460
82740
272880
347254
122047
352151
541486
97249
200252
544782
499571
379014
303534
479909
305464
323682
181524
273855
190783
567801
119752
241503
536429
327323
128756
349868
500495
372260
315824
484986
364993
124759
300124
329319
68628
14549
121897
506595
115709
199610
230150
31717
139549
222332
534161
360393
541664
507167
286523
158660
66926
195750
80022
589
252220
47255
247014
49881
455005
232453
445722
516805
544122
541917
469356
370042
130522
502163
307866
408894
524247
52233
177861
348881
357943
295303
475389
431691
61316
143998
503483
340155
488785
133636
133567
251627
470095
34873
88815
261178
468612
127477
157960
15687
303089
572331
456708
190515
126131
239194
332074
129765
107167
478184
421833
359715
112440
331317
74492
505386
247839
534210
134503
422700
352111
98674
546219
520508
503008
461953
101913
362092
22103
359128
316666
335579
414750
297980
365652
53635
547601
97589
570515
7125
99828
321437
80671
426275
294883
212605
424293
338108
25005
6949
234291
428399
7149
343076
575287
431848
307611
293909
542511
564739
573843
356878
472864
336793
121904
161060
254004
269873
216428
77172
346517
498555
203690
348973
117704
552672
275270
208107
314016
427518
278134
53420
318777
238980
350614
467315
61233
272188
550797
125051
553965
187286
282912
102532
156076
467848
130875
531585
523470
507684
332582
438989
489209
125944
127474
371957
570349
283286
541635
547106
253630
388677
572525
542302
554537
367205
228300
443498
356432
123946
490441
211063
224542
116574
434510
33116
353136
134167
128291
542510
433963
147453
365766
374806
336600
38238
165476
535578
127788
157099
173640
114348
496722
58141
467296
235864
5154
22775
422536
136820
453438
446359
41990
422240
39267
391392
233825
308504
478250
87328
4079
127074
267709
377635
353231
185768
487897
124215
249757
341681
557552
280733
374734
281601
456420
222266
491947
432732
467157
94025
410328
428291
397639
163528
234697
557573
208363
515962
358658
373075
438995
425672
450169
216103
254638
288591
53626
43417
372252
5038
218357
120860
399349
485509
530261
477087
352302
96075
495443
133928
197175
134074
212553
448181
152000
254277
105734
75481
343662
479350
554347
71090
297426
22176
277622
469235
163041
221272
154263
89296
68411
192871
183217
258141
53058
540529
566414
560948
254535
246076
135972
420069
431023
343643
32682
515176
222635
377155
547041
513283
26017
366096
252133
138078
25685
321798
549361
14088
423048
570810
374974
447501
492544
554046
575357
420791
6019
340451
66800
565575
148055
330432
483038
455004
288765
11034
86988
347142
450559
543581
293757
556901
533032
333020
260266
22420
13948
512657
214124
231236
177149
560879
491793
35767
312878
118542
450596
423773
48653
224523
509577
462677
75405
350023
452122
42008
302555
382309
468483
368684
372580
31333
153697
124876
330023
315672
53990
136533
82815
356836
414821
268717
7333
77544
525373
371042
227048
576327
419309
239773
8119
424135
297425
222711
489909
393995
31019
539326
517612
102461
199989
483374
44952
103863
528980
441543
85381
247234
50924
483994
87456
424271
356091
534669
378831
560662
298773
257896
498274
305800
40517
183949
276840
84442
297620
298252
119088
233315
283977
345154
287649
427311
63399
4700
463611
224104
209388
431655
364190
28864
412455
283290
228541
422200
985
133596
323853
503081
130732
224675
199688
230862
21396
485390
1532
125778
235541
370478
522478
514292
384338
531707
178746
532747
62915
519491
140691
112093
358024
263687
297595
506085
102446
325768
29558
222054
466965
316254
546500
216785
194184
464390
348371
231582
208995
464339
308856
340946
214604
570586
182227
248441
89078
376310
73450
115924
308235
15994
8749
429679
37751
122040
284286
388707
248163
11320
427997
282062
237600
376751
223314
86215
12443
163255
564940
462640
522713
306303
460675
126833
26201
224757
357899
546782
96427
480944
479556
569273
520528
190690
344832
462466
270354
559776
279259
280909
227781
163798
491098
439658
416088
107375
74132
379800
511654
346687
226161
578849
544272
146149
570624
178299
126671
356380
530766
175954
158798
422095
55780
512276
560626
187329
513125
347216
306486
161840
180917
188192
421437
93120
324891
252216
488476
578347
101959
10693
170038
213586
210439
469202
381463
343248
127785
287328
538690
16382
293022
112378
435785
56092
381504
284365
406129
233119
53629
188509
191053
81056
82252
538319
38439
181948
439710
529344
434035
342958
563882
37734
364743
330986
546226
463211
62210
442724
232241
293858
119345
61953
577033
522015
381587
350107
4936
511307
228771
177811
231450
176168
84540
259408
264238
539738
255827
459382
221105
431742
204337
227741
336356
37655
167159
59352
165937
53956
378712
88462
495786
542938
566498
367228
157577
442661
62363
390689
480664
521540
414249
20571
160855
451683
156832
570045
326542
568276
568717
563311
113579
218268
546095
160661
341118
150649
462632
198972
220025
61720
430681
524011
457217
40064
285583
314493
78023
470882
298722
555597
489829
314779
367818
138503
243737
580255
444565
386677
190841
493074
234347
466988
227033
519039
351554
390585
443303
140983
81079
538005
169757
368780
457322
341804
409116
181805
284292
551358
344548
503569
336587
417055
522315
58705
148955
375530
474934
577893
28881
360772
445267
244737
355777
72811
190788
54513
243075
518551
487530
292169
69293
397303
129285
429996
109532
53802
340573
91280
535602
270908
381925
549220
488573
47131
32735
117525
279085
43961
188906
394677
395
185201
189365
127596
32712
504810
3703
182874
146981
306755
453093
520503
169808
225670
91063
348584
461802
572555
185922
131497
46736
536006
256505
214975
13445
350736
98115
50304
361180
511333
564820
429717
222500
40083
538230
349438
371250
528578
240418
302380
261758
535809
308388
578878
509451
46919
562592
499950
90374
318146
195353
355325
314515
237277
203024
238911
32039
145591
16030
135411
229350
421757
48034
183704
307292
97974
275999
448256
451915
119113
143503
494141
50124
306553
35526
255279
560908
247264
367599
192782
511324
574350
67569
204360
111907
2839
513971
245201
185240
339468
540101
539673
194425
22168
520150
301595
96006
68286
131280
356662
182441
284749
107108
49761
386718
55244
187990
248678
147721
425727
360350
310797
76765
400489
247639
279864
44699
356145
69138
445041
560598
165464
536343
7818
322831
334760
451463
348730
285967
286353
201887
166165
359
465591
519359
550444
402711
3661
132706
534983
306281
150317
15978
580029
496090
267127
210980
384015
222559
2235
255649
278168
440840
27326
202562
230268
362712
1573
107661
464515
373132
447242
547440
43613
200143
260883
250901
64693
408480
204757
319933
147471
381332
518197
27656
260257
434580
159203
568630
497441
499597
60179
574804
343254
501762
220704
524536
86946
456046
62937
49633
144305
475593
478553
574145
63648
3794
303177
1340
82835
371427
156747
448694
219567
75095
242615
492077
132776
199125
349622
195754
455548
181873
138185
338044
362797
180953
505826
69773
304834
162580
154090
519853
319687
132328
27969
52166
100547
568131
415218
348045
478159
402869
10211
26547
551692
105432
313340
182348
383419
570947
345353
226883
255784
214199
262262
283261
449708
299970
392391
245997
330410
343571
519542
37470
42144
342521
498537
10935
443860
512648
146099
98599
123932
489861
262895
184700
218587
363581
21001
481404
249356
64240
492349
199236
481064
353405
116479
132024
138768
524665
434511
326970
138784
340368
312081
366615
171942
21232
473850
93686
295574
51054
162692
174091
20070
270066
492816
20904
484500
147140
242972
420081
63563
261712
316396
49413
520787
510955
393840
142487
19817
261180
413736
230619
484614
337011
496575
4338
552545
5601
75426
568863
184227
170629
438567
505132
541353
284674
322567
182423
312051
18896
40471
321725
188850
37119
95569
187362
397133
528972
487131
174989
370325
223554
385633
103485
537574
63240
256566
86467
401092
486968
308441
280017
527464
131965
310479
125556
220160
532963
310052
107963
293841
388534
45603
368949
391825
5107
569705
231549
250108
152933
206433
358817
434006
283904
152808
539975
24629
410231
13465
502318
51961
445594
209062
38726
295420
430079
240147
561512
35795
102589
505619
565469
271772
520561
372300
178807
492805
1083
303704
125635
217521
278032
208688
335325
140435
313990
143822
320857
549230
76844
424219
463876
243199
2988
215170
30012
377738
408568
490624
404839
138316
157206
404461
122934
263346
21327
99913
67975
339676
391891
365305
337055
233834
125524
46869
32577
304744
104176
167356
210404
307989
217223
196046
454414
16356
244487
543660
197461
199681
476787
455085
307074
260547
107468
334769
29437
166837
53838
502979
82678
288860
535523
311950
237723
98656
223123
273930
58057
544334
324857
198043
535326
316505
12991
576820
43611
107839
275749
456695
78188
375786
466239
184830
537128
434513
244344
374576
69140
434247
555009
510857
220819
20598
99416
74967
533129
515577
213361
330974
548848
431557
503278
130043
402570
320554
559884
252629
364596
423484
271230
105552
143143
285751
49994
204162
80646
381393
123415
118417
30932
425412
388130
551243
468337
484893
25014
174390
463781
124647
60823
361964
425702
575110
532390
230881
84592
189997
221307
361472
32364
71918
316365
492378
234251
48504
418070
89884
562045
506552
66360
122962
262605
529939
345229
294853
344397
56091
8599
459823
175785
226128
259983
354515
379144
384995
205253
116786
441432
448810
83452
465129
506906
90616
551959
406404
157891
362090
439630
45099
61960
478430
489605
127050
579872
475798
64510
447733
33066
102848
538819
323760
200401
179765
251317
239376
83836
578092
522452
393056
278848
27787
377239
473427
83065
377005
576539
248019
473370
536369
92648
332461
437609
274800
388846
323048
193407
541898
480140
46526
26432
339738
325991
37705
528033
542922
313420
190463
531000
454907
26448
238199
476652
457147
364256
72632
430380
315448
353320
18158
91527
454252
546987
386370
38064
19763
64152
453216
55223
361860
522566
509531
438432
31164
163290
389197
333440
173464
447842
381615
99961
156126
103134
394940
165638
261706
378311
534081
373848
401642
338019
378096
289610
547421
174672
133343
191360
293751
520892
145214
167668
37456
460962
465267
292804
347529
203661
10766
27371
203845
155736
136715
463588
26640
547612
131453
184274
442456
265085
223256
129420
23019
536467
194532
127585
392637
330408
524775
31993
433924
502852
553129
559364
297343
71360
225537
271148
345499
475893
237463
5278
501243
413235
444236
541071
380088
468063
94858
225913
295614
210276
170975
205570
422375
550365
308702
484627
565031
98979
480345
579548
272673
436875
287874
16502
274917
281809
442968
289263
347766
160933
84533
266409
122199
396200
30958
504541
1591
89432
387150
306383
15260
154515
50752
166913
102644
100196
160278
349579
442536
17923
310564
62020
152004
578330
126299
527025
83494
226400
268435
445334
310391
505156
19157
44677
318171
447765
354369
527486
329939
184771
134856
467675
517133
89697
447080
70685
144938
519673
485758
454957
564851
189451
408757
192616
280734
305060
243946
99179
303971
170519
48917
549965
300245
384101
576607
186709
516341
241668
133470
134811
500825
464689
29833
343820
213429
387434
279305
444207
210777
372043
189868
572229
8495
370090
450282
277080
199158
109612
567708
245659
485129
268363
23448
5352
235597
6871
348720
94113
314613
63729
114458
215394
460460
240387
398726
135604
571728
415770
286908
138151
146272
344094
345209
241187
282768
113037
545583
219283
145873
285957
489235
157271
197458
502671
499845
334884
79084
505573
115618
561491
354202
279838
190734
134738
269450
482784
144610
52774
290659
440646
25807
442952
159215
318224
73445
211653
527960
401862
431026
488755
292278
400554
272630
382668
470298
166426
129645
28820
161227
417696
560677
283216
28978
310302
154419
230450
328289
73118
104691
15085
405574
510548
470005
102928
569249
413126
77282
96732
359020
42182
250875
106206
354929
320796
453341
237318
254834
137265
399865
292685
152252
319579
81484
16599
162257
351034
396051
502275
308278
34483
13333
320290
321579
349794
99219
200162
369470
487583
62703
251639
138246
157170
477112
283963
74860
307057
364075
295491
34757
400161
170194
120874
492817
3817
183973
135436
512989
114744
379210
201072
293785
578385
237420
7888
18224
155317
522406
441440
110482
173400
183348
552504
475660
166948
147025
443259
578792
245227
546687
474519
393284
249668
87493
151651
100306
540466
546556
212675
282942
21310
385535
7304
303409
386116
574297
514550
217133
533553
447152
578703
45392
166205
180154
25143
338802
330110
261389
343506
442726
285388
554934
421316
479912
85192
34874
487266
226173
20748
360660
574509
543364
1554
125539
566931
312889
466945
444804
257187
568587
427160
71123
563849
138589
162841
129663
107226
140686
321663
437117
179808
321718
62398
16497
468933
219841
355430
293554
293044
109516
485887
490620
579893
427135
31636
217919
432441
314396
119802
393682
201764
146193
116358
84825
208311
419774
177468
72052
142585
519598
464006
556083
412136
169361
442929
84567
549932
75560
74656
93314
393838
383018
372433
431281
556278
5513
108503
500478
148588
138713
368153
22646
303778
270758
276706
275429
492025
169111
494328
35891
70258
400528
165229
460494
269311
307658
98283
369294
319345
414578
541550
425388
129855
99477
383073
387906
293124
155873
549224
266021
52869
1584
421902
498535
277235
153013
452013
553561
138040
20820
58483
423506
569001
325153
383039
213421
38825
453283
384661
127702
238147
104893
577826
64974
240655
459153
145665
49810
65008
545385
125070
46433
143329
429174
52947
321314
253341
157365
453162
111910
339019
239575
362219
80652
247317
460286
365724
160875
372220
483389
572181
146190
580975
54761
348488
416104
468778
18833
251537
234366
510078
14723
338595
153797
513098
467138
404618
261982
545730
135846
108244
562557
180524
227370
341856
131743
255691
497878
68878
430640
441473
347664
214369
347018
225238
421762
317024
6180
172004
303101
22488
193494
199346
409627
315350
263463
190722
523292
363902
573778
437290
389812
517082
145073
37907
489763
456261
270386
508917
566823
543897
362482
130966
66632
181962
274613
135708
549746
323766
366714
353295
318813
153307
213693
293378
149446
199927
580543
331727
238488
472833
308645
424225
228746
110435
495377
240646
274491
130921
140006
4688
115241
76962
66650
47718
224991
434187
272048
11169
158222
154000
507436
443499
109937
309692
534018
22797
163339
168683
210098
246069
137954
143320
262587
414795
226938
536831
128791
459590
50514
30067
317479
378655
229968
522702
11122
515266
136600
224509
149912
97656
120747
349480
155199
528731
523807
168544
325664
229981
434410
431208
508996
63791
89225
513690
136740
224364
515424
508302
418175
465552
439907
272097
451087
396304
342273
52507
300066
380089
326248
167906
37846
262993
60090
499249
90432
74456
264660
325598
480985
245411
425644
224724
475439
246478
487438
563731
441854
522665
245915
85747
315162
108761
407521
388528
389453
298331
447791
368820
440034
305677
122208
182369
543531
151820
63650
457580
563381
320899
14869
137260
61925
376307
80367
269089
203705
274835
267321
418106
471273
74037
227855
519758
89045
321217
324203
479129
503431
368528
527718
278579
13525
291582
301837
31667
68120
14007
114158
124262
33626
53949
187585
192247
208844
212766
318671
575012
439339
364073
419624
178078
427783
302159
339368
190680
23807
288579
312720
15778
553558
571834
574376
122161
493815
472376
483432
149123
51628
264628
26609
23696
485081
441323
451679
42055
378795
86439
366493
520996
332869
18014
554523
83476
6040
421834
424392
308160
335233
249809
349098
358090
187349
61782
35498
386514
207108
578418
84447
104108
126107
211674
111909
490708
477025
206757
556205
142484
454296
464366
358254
215482
468548
82680
100909
405432
85764
94651
63973
8131
288592
257470
47597
321557
34520
134066
246701
317797
282365
78176
29577
311075
331937
190395
5802
245112
111032
140556
199127
376491
305253
300375
545903
357782
377911
74963
329336
25057
3244
252020
293474
171050
239306
189772
238090
160031
36761
445675
252716
152214
239466
55155
479829
420281
445812
118106
434576
451104
316708
438535
300322
167952
390072
487220
20247
9400
43944
35770
487351
425462
212203
9668
8981
574241
332096
535563
192944
498733
276151
550645
507037
9769
404249
236747
376416
306415
45966
191296
576875
493932
225075
536444
79920
561681
60700
99874
219437
509819
466665
579326
428739
394611
263083
379554
279391
178516
133690
77396
300137
6861
435359
314108
444152
500139
92749
89188
300233
414201
443204
211097
